+---------------------------------------------------------------------------------------------------------------------------------------------------------------------------------------------------------------------------------------------------+
; Legal Partition Candidates                                                                                                                                                                                                                        ;
+----------------------------------------------+-------+----------------+--------------+----------------+--------+-----------------+---------------+-----------------+-------+----------------+--------------+------------------+-------------------+
; Hierarchy                                    ; Input ; Constant Input ; Unused Input ; Floating Input ; Output ; Constant Output ; Unused Output ; Floating Output ; Bidir ; Constant Bidir ; Unused Bidir ; Input only Bidir ; Output only Bidir ;
+----------------------------------------------+-------+----------------+--------------+----------------+--------+-----------------+---------------+-----------------+-------+----------------+--------------+------------------+-------------------+
; random                                       ; 15    ; 14             ; 0            ; 14             ; 14     ; 14              ; 14            ; 14              ; 0     ; 0              ; 0            ; 0                ; 0                 ;
; rate                                         ; 30    ; 29             ; 0            ; 29             ; 1      ; 29              ; 29            ; 29              ; 0     ; 0              ; 0            ; 0                ; 0                 ;
; d0|overlay_0|motivation|generator            ; 15    ; 26             ; 0            ; 26             ; 14     ; 26              ; 26            ; 26              ; 0     ; 0              ; 0            ; 0                ; 0                 ;
; d0|overlay_0|motivation                      ; 3     ; 346            ; 0            ; 346            ; 700    ; 346             ; 346           ; 346             ; 0     ; 0              ; 0            ; 0                ; 0                 ;
; d0|overlay_0|high_score_winner               ; 3     ; 349            ; 1            ; 349            ; 500    ; 349             ; 349           ; 349             ; 0     ; 0              ; 0            ; 0                ; 0                 ;
; d0|overlay_0|game_over                       ; 0     ; 700            ; 0            ; 700            ; 700    ; 700             ; 700           ; 700             ; 0     ; 0              ; 0            ; 0                ; 0                 ;
; d0|overlay_0                                 ; 3     ; 801            ; 0            ; 801            ; 2700   ; 801             ; 801           ; 801             ; 0     ; 0              ; 0            ; 0                ; 0                 ;
; d0|display_hi5|decoder_0                     ; 4     ; 10             ; 0            ; 10             ; 30     ; 10              ; 10            ; 10              ; 0     ; 0              ; 0            ; 0                ; 0                 ;
; d0|display_hi5|decoder_1                     ; 4     ; 10             ; 0            ; 10             ; 30     ; 10              ; 10            ; 10              ; 0     ; 0              ; 0            ; 0                ; 0                 ;
; d0|display_hi5|decoder_2                     ; 4     ; 10             ; 0            ; 10             ; 30     ; 10              ; 10            ; 10              ; 0     ; 0              ; 0            ; 0                ; 0                 ;
; d0|display_hi5                               ; 8     ; 0              ; 0            ; 0              ; 90     ; 0               ; 0             ; 0               ; 0     ; 0              ; 0            ; 0                ; 0                 ;
; d0|display_hi4|decoder_0                     ; 4     ; 10             ; 0            ; 10             ; 30     ; 10              ; 10            ; 10              ; 0     ; 0              ; 0            ; 0                ; 0                 ;
; d0|display_hi4|decoder_1                     ; 4     ; 10             ; 0            ; 10             ; 30     ; 10              ; 10            ; 10              ; 0     ; 0              ; 0            ; 0                ; 0                 ;
; d0|display_hi4|decoder_2                     ; 4     ; 10             ; 0            ; 10             ; 30     ; 10              ; 10            ; 10              ; 0     ; 0              ; 0            ; 0                ; 0                 ;
; d0|display_hi4                               ; 8     ; 0              ; 0            ; 0              ; 90     ; 0               ; 0             ; 0               ; 0     ; 0              ; 0            ; 0                ; 0                 ;
; d0|display_hi3|decoder_0                     ; 4     ; 10             ; 0            ; 10             ; 30     ; 10              ; 10            ; 10              ; 0     ; 0              ; 0            ; 0                ; 0                 ;
; d0|display_hi3|decoder_1                     ; 4     ; 10             ; 0            ; 10             ; 30     ; 10              ; 10            ; 10              ; 0     ; 0              ; 0            ; 0                ; 0                 ;
; d0|display_hi3|decoder_2                     ; 4     ; 10             ; 0            ; 10             ; 30     ; 10              ; 10            ; 10              ; 0     ; 0              ; 0            ; 0                ; 0                 ;
; d0|display_hi3                               ; 8     ; 0              ; 0            ; 0              ; 90     ; 0               ; 0             ; 0               ; 0     ; 0              ; 0            ; 0                ; 0                 ;
; d0|display_hi2|decoder_0                     ; 4     ; 10             ; 0            ; 10             ; 30     ; 10              ; 10            ; 10              ; 0     ; 0              ; 0            ; 0                ; 0                 ;
; d0|display_hi2|decoder_1                     ; 4     ; 10             ; 0            ; 10             ; 30     ; 10              ; 10            ; 10              ; 0     ; 0              ; 0            ; 0                ; 0                 ;
; d0|display_hi2|decoder_2                     ; 4     ; 10             ; 0            ; 10             ; 30     ; 10              ; 10            ; 10              ; 0     ; 0              ; 0            ; 0                ; 0                 ;
; d0|display_hi2                               ; 8     ; 0              ; 0            ; 0              ; 90     ; 0               ; 0             ; 0               ; 0     ; 0              ; 0            ; 0                ; 0                 ;
; d0|display_hi1|decoder_0                     ; 4     ; 10             ; 0            ; 10             ; 30     ; 10              ; 10            ; 10              ; 0     ; 0              ; 0            ; 0                ; 0                 ;
; d0|display_hi1|decoder_1                     ; 4     ; 10             ; 0            ; 10             ; 30     ; 10              ; 10            ; 10              ; 0     ; 0              ; 0            ; 0                ; 0                 ;
; d0|display_hi1|decoder_2                     ; 4     ; 10             ; 0            ; 10             ; 30     ; 10              ; 10            ; 10              ; 0     ; 0              ; 0            ; 0                ; 0                 ;
; d0|display_hi1                               ; 8     ; 0              ; 0            ; 0              ; 90     ; 0               ; 0             ; 0               ; 0     ; 0              ; 0            ; 0                ; 0                 ;
; d0|display_score|decoder_0                   ; 4     ; 10             ; 0            ; 10             ; 30     ; 10              ; 10            ; 10              ; 0     ; 0              ; 0            ; 0                ; 0                 ;
; d0|display_score|decoder_1                   ; 4     ; 10             ; 0            ; 10             ; 30     ; 10              ; 10            ; 10              ; 0     ; 0              ; 0            ; 0                ; 0                 ;
; d0|display_score|decoder_2                   ; 4     ; 10             ; 0            ; 10             ; 30     ; 10              ; 10            ; 10              ; 0     ; 0              ; 0            ; 0                ; 0                 ;
; d0|display_score                             ; 8     ; 0              ; 0            ; 0              ; 90     ; 0               ; 0             ; 0               ; 0     ; 0              ; 0            ; 0                ; 0                 ;
; d0|highscore_text_module                     ; 0     ; 490            ; 0            ; 490            ; 490    ; 490             ; 490           ; 490             ; 0     ; 0              ; 0            ; 0                ; 0                 ;
; d0|score_text_module                         ; 0     ; 210            ; 0            ; 210            ; 210    ; 210             ; 210           ; 210             ; 0     ; 0              ; 0            ; 0                ; 0                 ;
; d0                                           ; 29    ; 13             ; 2            ; 13             ; 2134   ; 13              ; 13            ; 13              ; 0     ; 0              ; 0            ; 0                ; 0                 ;
; c0|vsync                                     ; 30    ; 1              ; 0            ; 1              ; 1      ; 1               ; 1             ; 1               ; 0     ; 0              ; 0            ; 0                ; 0                 ;
; c0|delayer                                   ; 36    ; 28             ; 0            ; 28             ; 28     ; 28              ; 28            ; 28              ; 0     ; 0              ; 0            ; 0                ; 0                 ;
; c0                                           ; 2106  ; 0              ; 2032         ; 0              ; 15     ; 0               ; 0             ; 0               ; 0     ; 0              ; 0            ; 0                ; 0                 ;
; kb                                           ; 2     ; 4              ; 0            ; 4              ; 8      ; 4               ; 4             ; 4               ; 0     ; 0              ; 0            ; 0                ; 0                 ;
; VGA|controller|controller_translator         ; 15    ; 0              ; 0            ; 0              ; 15     ; 0               ; 0             ; 0               ; 0     ; 0              ; 0            ; 0                ; 0                 ;
; VGA|controller                               ; 5     ; 1              ; 0            ; 1              ; 50     ; 1               ; 1             ; 1               ; 0     ; 0              ; 0            ; 0                ; 0                 ;
; VGA|mypll                                    ; 1     ; 0              ; 0            ; 0              ; 1      ; 0               ; 0             ; 0               ; 0     ; 0              ; 0            ; 0                ; 0                 ;
; VGA|VideoMemory|auto_generated|mux3          ; 11    ; 0              ; 0            ; 0              ; 3      ; 0               ; 0             ; 0               ; 0     ; 0              ; 0            ; 0                ; 0                 ;
; VGA|VideoMemory|auto_generated|wren_decode_a ; 3     ; 0              ; 0            ; 0              ; 3      ; 0               ; 0             ; 0               ; 0     ; 0              ; 0            ; 0                ; 0                 ;
; VGA|VideoMemory|auto_generated|rden_decode_b ; 2     ; 0              ; 0            ; 0              ; 3      ; 0               ; 0             ; 0               ; 0     ; 0              ; 0            ; 0                ; 0                 ;
; VGA|VideoMemory|auto_generated|decode2       ; 3     ; 0              ; 0            ; 0              ; 3      ; 0               ; 0             ; 0               ; 0     ; 0              ; 0            ; 0                ; 0                 ;
; VGA|VideoMemory|auto_generated               ; 36    ; 0              ; 0            ; 0              ; 3      ; 0               ; 0             ; 0               ; 0     ; 0              ; 0            ; 0                ; 0                 ;
; VGA|user_input_translator                    ; 15    ; 0              ; 0            ; 0              ; 15     ; 0               ; 0             ; 0               ; 0     ; 0              ; 0            ; 0                ; 0                 ;
; VGA                                          ; 21    ; 1              ; 0            ; 1              ; 35     ; 1               ; 1             ; 1               ; 0     ; 0              ; 0            ; 0                ; 0                 ;
; input_control                                ; 12    ; 0              ; 0            ; 0              ; 4      ; 0               ; 0             ; 0               ; 0     ; 0              ; 0            ; 0                ; 0                 ;
+----------------------------------------------+-------+----------------+--------------+----------------+--------+-----------------+---------------+-----------------+-------+----------------+--------------+------------------+-------------------+
